170
147
177
165
116
121
187
184
177
154
142
156
164
194
138
126
196
163
193
105
173
193
152
141
188
151
182
147
105
123
117
191
108
142
133
133
131
197
172
168
137
118
145
195
124
183
167
144
131
111
197
119
115
181
104
161
184
163
162
154
176
176
186
131
137
106
141
175
193
182
116
118
199
108
156
128
178
129
148
117
193
113
183
192
146
185
142
111
105
185
197
133
150
198
119
197
157
139
190
189
173
132
158
167
173
177
134
105
166
191
130
118
128
124
152
118
101
190
178
109
140
188
158
103
124
173
167
161
130
198
183
195
113
190
149
173
114
148
172
132
170
164
175
174
105
114
149
187
186
171
113
121
157
190
160
180
170
183
119
177
186
183
170
179
126
184
149
167
141
175
174
175
150
169
181
166
121
169
167
181
150
197
160
150
194
106
176
192
146
169
140
148
172
196
162
106
155
126
118
120

    
115
133